% -------------------------------------------------------------------
%  Generated by MATLAB on 16-Sep-2025 13:23:21
%  MATLAB version: 25.1.0.2952844 (R2025a)
% -------------------------------------------------------------------
                                 

Faxis = [-250 -249.02152641878669 -248.04305283757338 -247.06457925636008 ...
         -246.08610567514677 -245.10763209393346 -244.12915851272015 -243.15068493150685 ...
         -242.17221135029354 -241.19373776908023 -240.21526418786692 -239.23679060665361 ...
         -238.25831702544031 -237.279843444227 -236.30136986301369 -235.32289628180038 ...
         -234.34442270058707 -233.36594911937377 -232.38747553816046 -231.40900195694715 ...
         -230.43052837573384 -229.45205479452054 -228.47358121330723 -227.49510763209392 ...
         -226.51663405088061 -225.5381604696673 -224.559686888454 -223.58121330724069 ...
         -222.60273972602738 -221.62426614481407 -220.64579256360076 -219.66731898238746 ...
         -218.68884540117415 -217.71037181996084 -216.73189823874753 -215.75342465753423 ...
         -214.77495107632092 -213.79647749510761 -212.8180039138943 -211.839530332681 ...
         -210.86105675146769 -209.88258317025438 -208.90410958904107 -207.92563600782779 ...
         -206.94716242661448 -205.96868884540118 -204.99021526418787 -204.01174168297456 ...
         -203.03326810176125 -202.05479452054794 -201.07632093933464 -200.09784735812133 ...
         -199.11937377690802 -198.14090019569471 -197.1624266144814 -196.1839530332681 ...
         -195.20547945205479 -194.22700587084148 -193.24853228962817 -192.27005870841487 ...
         -191.29158512720156 -190.31311154598825 -189.33463796477494 -188.35616438356163 ...
         -187.37769080234833 -186.39921722113502 -185.42074363992171 -184.4422700587084 ...
         -183.46379647749509 -182.48532289628179 -181.50684931506848 -180.52837573385517 ...
         -179.54990215264186 -178.57142857142856 -177.59295499021525 -176.61448140900194 ...
         -175.63600782778863 -174.65753424657532 -173.67906066536202 -172.70058708414871 ...
         -171.7221135029354 -170.74363992172209 -169.76516634050878 -168.78669275929548 ...
         -167.80821917808217 -166.82974559686889 -165.85127201565558 -164.87279843444227 ...
         -163.89432485322897 -162.91585127201566 -161.93737769080235 -160.95890410958904 ...
         -159.98043052837573 -159.00195694716243 -158.02348336594912 -157.04500978473581 ...
         -156.0665362035225 -155.0880626223092 -154.10958904109589 -153.13111545988258 ...
         -152.15264187866927 -151.17416829745596 -150.19569471624266 -149.21722113502935 ...
         -148.23874755381604 -147.26027397260273 -146.28180039138942 -145.30332681017612 ...
         -144.32485322896281 -143.3463796477495 -142.36790606653619 -141.38943248532289 ...
         -140.41095890410958 -139.43248532289627 -138.45401174168296 -137.47553816046965 ...
         -136.49706457925635 -135.51859099804304 -134.54011741682973 -133.56164383561642 ...
         -132.58317025440311 -131.60469667318981 -130.6262230919765 -129.64774951076319 ...
         -128.66927592954988 -127.69080234833659 -126.71232876712328 -125.73385518590997 ...
         -124.75538160469667 -123.77690802348336 -122.79843444227005 -121.81996086105674 ...
         -120.84148727984343 -119.86301369863013 -118.88454011741682 -117.90606653620351 ...
         -116.9275929549902 -115.9491193737769 -114.97064579256359 -113.99217221135029 ...
         -113.01369863013699 -112.03522504892368 -111.05675146771037 -110.07827788649706 ...
         -109.09980430528375 -108.12133072407045 -107.14285714285714 -106.16438356164383 ...
         -105.18590998043052 -104.20743639921722 -103.22896281800391 -102.2504892367906 ...
         -101.27201565557729 -100.29354207436398 -99.315068493150676 -98.336594911937368 ...
         -97.35812133072406 -96.379647749510752 -95.401174168297445 -94.422700587084137 ...
         -93.444227005870843 -92.465753424657535 -91.487279843444227 -90.50880626223092 ...
         -89.530332681017612 -88.5518590998043 -87.573385518591 -86.594911937377688 ...
         -85.61643835616438 -84.637964774951072 -83.659491193737765 -82.681017612524457 ...
         -81.702544031311149 -80.724070450097841 -79.745596868884533 -78.767123287671225 ...
         -77.788649706457917 -76.81017612524461 -75.8317025440313 -74.853228962818 ...
         -73.874755381604686 -72.896281800391392 -71.917808219178085 -70.939334637964777 ...
         -69.960861056751469 -68.982387475538161 -68.003913894324853 -67.025440313111545 ...
         -66.046966731898237 -65.06849315068493 -64.090019569471622 -63.111545988258314 ...
         -62.133072407045006 -61.1545988258317 -60.17612524461839 -59.197651663405082 ...
         -58.219178082191775 -57.240704500978474 -56.262230919765166 -55.283757338551858 ...
         -54.30528375733855 -53.326810176125242 -52.348336594911935 -51.369863013698627 ...
         -50.391389432485319 -49.412915851272011 -48.4344422700587 -47.455968688845395 ...
         -46.477495107632095 -45.499021526418787 -44.520547945205479 -43.542074363992171 ...
         -42.563600782778863 -41.585127201565555 -40.606653620352247 -39.62818003913894 ...
         -38.649706457925632 -37.671232876712324 -36.692759295499016 -35.714285714285715 ...
         -34.735812133072407 -33.7573385518591 -32.778864970645792 -31.800391389432484 ...
         -30.821917808219176 -29.843444227005868 -28.86497064579256 -27.886497064579256 ...
         -26.908023483365948 -25.92954990215264 -24.951076320939332 -23.972602739726025 ...
         -22.99412915851272 -22.015655577299412 -21.037181996086105 -20.058708414872797 ...
         -19.080234833659489 -18.101761252446185 -17.123287671232877 -16.144814090019569 ...
         -15.166340508806261 -14.187866927592955 -13.209393346379647 -12.230919765166339 ...
         -11.252446183953033 -10.273972602739725 -9.2954990215264175 -8.3170254403131114 ...
         -7.3385518590998036 -6.3600782778864966 -5.38160469667319 -4.4031311154598827 ...
         -3.4246575342465753 -2.4461839530332679 -1.4677103718199609 -0.48923679060665359 ...
         0.48923679060665359 1.4677103718199609 2.4461839530332679 3.4246575342465753 ...
         4.4031311154598827 5.38160469667319 6.3600782778864966 7.3385518590998036 ...
         8.3170254403131114 9.2954990215264175 10.273972602739725 11.252446183953033 ...
         12.230919765166339 13.209393346379647 14.187866927592955 15.166340508806261 ...
         16.144814090019569 17.123287671232877 18.101761252446185 19.080234833659489 ...
         20.058708414872797 21.037181996086105 22.015655577299412 22.99412915851272 ...
         23.972602739726025 24.951076320939332 25.92954990215264 26.908023483365948 ...
         27.886497064579256 28.86497064579256 29.843444227005868 30.821917808219176 ...
         31.800391389432484 32.778864970645792 33.7573385518591 34.735812133072407 ...
         35.714285714285715 36.692759295499016 37.671232876712324 38.649706457925632 ...
         39.62818003913894 40.606653620352247 41.585127201565555 42.563600782778863 ...
         43.542074363992171 44.520547945205479 45.499021526418787 46.477495107632095 ...
         47.455968688845395 48.4344422700587 49.412915851272011 50.391389432485319 ...
         51.369863013698627 52.348336594911935 53.326810176125242 54.30528375733855 ...
         55.283757338551858 56.262230919765166 57.240704500978474 58.219178082191775 ...
         59.197651663405082 60.17612524461839 61.1545988258317 62.133072407045006 ...
         63.111545988258314 64.090019569471622 65.06849315068493 66.046966731898237 ...
         67.025440313111545 68.003913894324853 68.982387475538161 69.960861056751469 ...
         70.939334637964777 71.917808219178085 72.896281800391392 73.874755381604686 ...
         74.853228962818 75.8317025440313 76.81017612524461 77.788649706457917 ...
