% -------------------------------------------------------------------
%  Generated by MATLAB on 17-Sep-2025 05:06:33
%  MATLAB version: 25.1.0.2952844 (R2025a)
% -------------------------------------------------------------------
                                       

levels = 16;

n = [0 0.02 0.04 0.06 0.08 0.1 0.12 0.14 0.16 0.18 0.2 0.22 0.24 0.26 0.28 ...
     0.3 0.32 0.34 0.36 0.38 0.4 0.42 0.44 0.46 0.48 0.5 0.52 0.54 0.56 ...
     0.58000000000000007 0.6 0.62 0.64 0.65999999999999992 0.67999999999999994 ...
     0.7 0.72 0.74 0.76 0.78 0.8 0.82000000000000006 0.84 0.86 0.88 0.9 ...
     0.92 0.94 0.96 0.98 1];

quantization_error = [0 0.00474792827424636 0.059221276025406222 -0.041624004992101504 ...
                      -0.021194559537316082 -0.11573201660806043 -0.085966136847100638 ...
                      0.041220321279453964 -0.023623050246149191 -0.084179297342225734 ...
                      0.053606284219906541 0.093840444468363371 0 0 0.093840444468363593 ...
                      0.053606284219906986 -0.084179297342225956 -0.023623050246149413 ...
                      0.0412203212794543 -0.085966136847100416 -0.11573201660806021 ...
                      -0.021194559537315749 -0.041624004992101726 0.059221276025406611 ...
                      0.0047479282742466378 -2.4492935982947059E-16 -0.00474792827424711 ...
                      -0.059221276025406 0.041624004992101282 0.021194559537316193 ...
                      0.11573201660806065 0.085966136847101082 -0.041220321279454519 ...
                      0.023623050246150967 0.084179297342227954 -0.0536062842199061 ...
                      -0.093840444468363149 0 0 -0.093840444468363815 -0.053606284219907208 ...
                      0.084179297342226622 0.023623050246147415 -0.041220321279454186 ...
                      0.085966136847098973 0.11573201660805998 0.021194559537316082 ...
                      0.041624004992101282 -0.059221276025406777 -0.00474792827424475 ...
                      4.8985871965894118E-16];

step = 0.24753924739462002;

tot = 1;

ts = 0.02;

x_max = 1.9803139791569602;

x_min = -1.9803139791569602;

x_quantized = [0 -0.24753924739462008 -0.49507849478924015 -0.49507849478924015 ...
               -0.49507849478924015 -0.24753924739462008 0 0.24753924739462008 ...
               0.74261774218386023 1.2376962369731 1.48523548436772 1.73277473176234 ...
               1.9803139791569602 1.9803139791569602 1.73277473176234 1.48523548436772 ...
               1.2376962369731 0.74261774218386023 0.24753924739462008 ...
               0 -0.24753924739462008 -0.49507849478924015 -0.49507849478924015 ...
               -0.49507849478924015 -0.24753924739462008 0 0.24753924739462008 ...
               0.49507849478924015 0.49507849478924015 0.49507849478924015 ...
               0.24753924739462008 0 -0.24753924739462008 -0.74261774218386 ...
               -1.2376962369731002 -1.48523548436772 -1.73277473176234 ...
               -1.9803139791569602 -1.9803139791569602 -1.73277473176234 ...
               -1.48523548436772 -1.2376962369731002 -0.74261774218386 ...
               -0.24753924739462008 0 0.24753924739462008 0.49507849478924015 ...
               0.49507849478924015 0.49507849478924015 0.24753924739462008 ...
               0];

x_sampled = [0 -0.24279131912037372 -0.43585721876383393 -0.53670249978134166 ...
             -0.51627305432655624 -0.36327126400268051 -0.085966136847100638 ...
             0.28875956867407404 0.718994691937711 1.1535169396308742 1.5388417685876266 ...
             1.8266151762307035 1.9803139791569602 1.9803139791569602 1.8266151762307037 ...
             1.538841768587627 1.153516939630874 0.71899469193771082 0.28875956867407437 ...
             -0.085966136847100416 -0.36327126400268028 -0.5162730543265559 ...
             -0.53670249978134188 -0.43585721876383354 -0.24279131912037344 ...
             -2.4492935982947059E-16 0.24279131912037297 0.43585721876383415 ...
             0.53670249978134144 0.51627305432655635 0.36327126400268073 ...
             0.085966136847101082 -0.2887595686740746 -0.718994691937709 ...
             -1.1535169396308722 -1.5388417685876261 -1.8266151762307032 ...
             -1.9803139791569602 -1.9803139791569602 -1.8266151762307039 ...
             -1.5388417685876272 -1.1535169396308735 -0.71899469193771259 ...
             -0.28875956867407426 0.085966136847098973 0.36327126400268006 ...
             0.51627305432655624 0.53670249978134144 0.43585721876383338 ...
             0.24279131912037533 4.8985871965894118E-16];

